1448
1.000000 0.000000 0.000000 1.000000
1.000000 0.001727 0.001727 1.000000
1.000000 0.003454 0.003454 1.000000
1.000000 0.005181 0.005181 1.000000
1.000000 0.006908 0.006908 1.000000
1.000000 0.008636 0.008636 1.000000
1.000000 0.010363 0.010363 1.000000
1.000000 0.012090 0.012090 1.000000
1.000000 0.013817 0.013817 1.000000
1.000000 0.015544 0.015544 1.000000
1.000000 0.017271 0.017271 1.000000
1.000000 0.018998 0.018998 1.000000
1.000000 0.020725 0.020725 1.000000
1.000000 0.022453 0.022453 1.000000
1.000000 0.024180 0.024180 1.000000
1.000000 0.025907 0.025907 1.000000
1.000000 0.027634 0.027634 1.000000
1.000000 0.029361 0.029361 1.000000
1.000000 0.031088 0.031088 1.000000
1.000000 0.032815 0.032815 1.000000
1.000000 0.034542 0.034542 1.000000
1.000000 0.036269 0.036269 1.000000
1.000000 0.037997 0.037997 1.000000
1.000000 0.039724 0.039724 1.000000
1.000000 0.041451 0.041451 1.000000
1.000000 0.043178 0.043178 1.000000
1.000000 0.044905 0.044905 1.000000
1.000000 0.046632 0.046632 1.000000
1.000000 0.048359 0.048359 1.000000
1.000000 0.050086 0.050086 1.000000
1.000000 0.051813 0.051813 1.000000
1.000000 0.053541 0.053541 1.000000
1.000000 0.055268 0.055268 1.000000
1.000000 0.056995 0.056995 1.000000
1.000000 0.058722 0.058722 1.000000
1.000000 0.060449 0.060449 1.000000
1.000000 0.062176 0.062176 1.000000
1.000000 0.063903 0.063903 1.000000
1.000000 0.065630 0.065630 1.000000
1.000000 0.067358 0.067358 1.000000
1.000000 0.069085 0.069085 1.000000
1.000000 0.070812 0.070812 1.000000
1.000000 0.072539 0.072539 1.000000
1.000000 0.074266 0.074266 1.000000
1.000000 0.075993 0.075993 1.000000
1.000000 0.077720 0.077720 1.000000
1.000000 0.079447 0.079447 1.000000
1.000000 0.081174 0.081174 1.000000
1.000000 0.082902 0.082902 1.000000
1.000000 0.084629 0.084629 1.000000
1.000000 0.086356 0.086356 1.000000
1.000000 0.088083 0.088083 1.000000
1.000000 0.089810 0.089810 1.000000
1.000000 0.091537 0.091537 1.000000
1.000000 0.093264 0.093264 1.000000
1.000000 0.094991 0.094991 1.000000
1.000000 0.096718 0.096718 1.000000
1.000000 0.098446 0.098446 1.000000
1.000000 0.100173 0.100173 1.000000
1.000000 0.101900 0.101900 1.000000
1.000000 0.103627 0.103627 1.000000
1.000000 0.105354 0.105354 1.000000
1.000000 0.107081 0.107081 1.000000
1.000000 0.108808 0.108808 1.000000
1.000000 0.110535 0.110535 1.000000
1.000000 0.112263 0.112263 1.000000
1.000000 0.113990 0.113990 1.000000
1.000000 0.115717 0.115717 1.000000
1.000000 0.117444 0.117444 1.000000
1.000000 0.119171 0.119171 1.000000
1.000000 0.120898 0.120898 1.000000
1.000000 0.122625 0.122625 1.000000
1.000000 0.124352 0.124352 1.000000
1.000000 0.126079 0.126079 1.000000
1.000000 0.127807 0.127807 1.000000
1.000000 0.129534 0.129534 1.000000
1.000000 0.131261 0.131261 1.000000
1.000000 0.132988 0.132988 1.000000
1.000000 0.134715 0.134715 1.000000
1.000000 0.136442 0.136442 1.000000
1.000000 0.138169 0.138169 1.000000
1.000000 0.139896 0.139896 1.000000
1.000000 0.141623 0.141623 1.000000
1.000000 0.143351 0.143351 1.000000
1.000000 0.145078 0.145078 1.000000
1.000000 0.146805 0.146805 1.000000
1.000000 0.148532 0.148532 1.000000
1.000000 0.150259 0.150259 1.000000
1.000000 0.151986 0.151986 1.000000
1.000000 0.153713 0.153713 1.000000
1.000000 0.155440 0.155440 1.000000
1.000000 0.157168 0.157168 1.000000
1.000000 0.158895 0.158895 1.000000
1.000000 0.160622 0.160622 1.000000
1.000000 0.162349 0.162349 1.000000
1.000000 0.164076 0.164076 1.000000
1.000000 0.165803 0.165803 1.000000
1.000000 0.167530 0.167530 1.000000
1.000000 0.169257 0.169257 1.000000
1.000000 0.170984 0.170984 1.000000
1.000000 0.172712 0.172712 1.000000
1.000000 0.174439 0.174439 1.000000
1.000000 0.176166 0.176166 1.000000
1.000000 0.177893 0.177893 1.000000
1.000000 0.179620 0.179620 1.000000
1.000000 0.181347 0.181347 1.000000
1.000000 0.183074 0.183074 1.000000
1.000000 0.184801 0.184801 1.000000
1.000000 0.186529 0.186529 1.000000
1.000000 0.188256 0.188256 1.000000
1.000000 0.189983 0.189983 1.000000
1.000000 0.191710 0.191710 1.000000
1.000000 0.193437 0.193437 1.000000
1.000000 0.195164 0.195164 1.000000
1.000000 0.196891 0.196891 1.000000
1.000000 0.198618 0.198618 1.000000
1.000000 0.200345 0.200345 1.000000
1.000000 0.202073 0.202073 1.000000
1.000000 0.203800 0.203800 1.000000
1.000000 0.205527 0.205527 1.000000
1.000000 0.207254 0.207254 1.000000
1.000000 0.208981 0.208981 1.000000
1.000000 0.210708 0.210708 1.000000
1.000000 0.212435 0.212435 1.000000
1.000000 0.214162 0.214162 1.000000
1.000000 0.215889 0.215889 1.000000
1.000000 0.217617 0.217617 1.000000
1.000000 0.219344 0.219344 1.000000
1.000000 0.221071 0.221071 1.000000
1.000000 0.222798 0.222798 1.000000
1.000000 0.224525 0.224525 1.000000
1.000000 0.226252 0.226252 1.000000
1.000000 0.227979 0.227979 1.000000
1.000000 0.229706 0.229706 1.000000
1.000000 0.231434 0.231434 1.000000
1.000000 0.233161 0.233161 1.000000
1.000000 0.234888 0.234888 1.000000
1.000000 0.236615 0.236615 1.000000
1.000000 0.238342 0.238342 1.000000
1.000000 0.240069 0.240069 1.000000
1.000000 0.241796 0.241796 1.000000
1.000000 0.243523 0.243523 1.000000
1.000000 0.245250 0.245250 1.000000
1.000000 0.246978 0.246978 1.000000
1.000000 0.248705 0.248705 1.000000
1.000000 0.250432 0.250432 1.000000
1.000000 0.252159 0.252159 1.000000
1.000000 0.253886 0.253886 1.000000
1.000000 0.255613 0.255613 1.000000
1.000000 0.257340 0.257340 1.000000
1.000000 0.259067 0.259067 1.000000
1.000000 0.260794 0.260794 1.000000
1.000000 0.262522 0.262522 1.000000
1.000000 0.264249 0.264249 1.000000
1.000000 0.265976 0.265976 1.000000
1.000000 0.267703 0.267703 1.000000
1.000000 0.269430 0.269430 1.000000
1.000000 0.271157 0.271157 1.000000
1.000000 0.272884 0.272884 1.000000
1.000000 0.274611 0.274611 1.000000
1.000000 0.276339 0.276339 1.000000
1.000000 0.278066 0.278066 1.000000
1.000000 0.279793 0.279793 1.000000
1.000000 0.281520 0.281520 1.000000
1.000000 0.283247 0.283247 1.000000
1.000000 0.284974 0.284974 1.000000
1.000000 0.286701 0.286701 1.000000
1.000000 0.288428 0.288428 1.000000
1.000000 0.290155 0.290155 1.000000
1.000000 0.291883 0.291883 1.000000
1.000000 0.293610 0.293610 1.000000
1.000000 0.295337 0.295337 1.000000
1.000000 0.297064 0.297064 1.000000
1.000000 0.298791 0.298791 1.000000
1.000000 0.300518 0.300518 1.000000
1.000000 0.302245 0.302245 1.000000
1.000000 0.303972 0.303972 1.000000
1.000000 0.305699 0.305699 1.000000
1.000000 0.307427 0.307427 1.000000
1.000000 0.309154 0.309154 1.000000
1.000000 0.310881 0.310881 1.000000
1.000000 0.312608 0.312608 1.000000
1.000000 0.314335 0.314335 1.000000
1.000000 0.316062 0.316062 1.000000
1.000000 0.317789 0.317789 1.000000
1.000000 0.319516 0.319516 1.000000
1.000000 0.321244 0.321244 1.000000
1.000000 0.322971 0.322971 1.000000
1.000000 0.324698 0.324698 1.000000
1.000000 0.326425 0.326425 1.000000
1.000000 0.328152 0.328152 1.000000
1.000000 0.329879 0.329879 1.000000
1.000000 0.331606 0.331606 1.000000
1.000000 0.333333 0.333333 1.000000
1.000000 0.335060 0.335060 1.000000
1.000000 0.336788 0.336788 1.000000
1.000000 0.338515 0.338515 1.000000
1.000000 0.340242 0.340242 1.000000
1.000000 0.341969 0.341969 1.000000
1.000000 0.343696 0.343696 1.000000
1.000000 0.345423 0.345423 1.000000
1.000000 0.347150 0.347150 1.000000
1.000000 0.348877 0.348877 1.000000
1.000000 0.350605 0.350605 1.000000
1.000000 0.352332 0.352332 1.000000
1.000000 0.354059 0.354059 1.000000
1.000000 0.355786 0.355786 1.000000
1.000000 0.357513 0.357513 1.000000
1.000000 0.359240 0.359240 1.000000
1.000000 0.360967 0.360967 1.000000
1.000000 0.362694 0.362694 1.000000
1.000000 0.364421 0.364421 1.000000
1.000000 0.366149 0.366149 1.000000
1.000000 0.367876 0.367876 1.000000
1.000000 0.369603 0.369603 1.000000
1.000000 0.371330 0.371330 1.000000
1.000000 0.373057 0.373057 1.000000
1.000000 0.374784 0.374784 1.000000
1.000000 0.376511 0.376511 1.000000
1.000000 0.378238 0.378238 1.000000
1.000000 0.379965 0.379965 1.000000
1.000000 0.381693 0.381693 1.000000
1.000000 0.383420 0.383420 1.000000
1.000000 0.385147 0.385147 1.000000
1.000000 0.386874 0.386874 1.000000
1.000000 0.388601 0.388601 1.000000
1.000000 0.390328 0.390328 1.000000
1.000000 0.392055 0.392055 1.000000
1.000000 0.393782 0.393782 1.000000
1.000000 0.395510 0.395510 1.000000
1.000000 0.397237 0.397237 1.000000
1.000000 0.398964 0.398964 1.000000
1.000000 0.400691 0.400691 1.000000
1.000000 0.402418 0.402418 1.000000
1.000000 0.404145 0.404145 1.000000
1.000000 0.405872 0.405872 1.000000
1.000000 0.407599 0.407599 1.000000
1.000000 0.409326 0.409326 1.000000
1.000000 0.411054 0.411054 1.000000
1.000000 0.412781 0.412781 1.000000
1.000000 0.414508 0.414508 1.000000
1.000000 0.416235 0.416235 1.000000
1.000000 0.417962 0.417962 1.000000
1.000000 0.419689 0.419689 1.000000
1.000000 0.421416 0.421416 1.000000
1.000000 0.423143 0.423143 1.000000
1.000000 0.424870 0.424870 1.000000
1.000000 0.426598 0.426598 1.000000
1.000000 0.428325 0.428325 1.000000
1.000000 0.430052 0.430052 1.000000
1.000000 0.431779 0.431779 1.000000
1.000000 0.433506 0.433506 1.000000
1.000000 0.435233 0.435233 1.000000
1.000000 0.436960 0.436960 1.000000
1.000000 0.438687 0.438687 1.000000
1.000000 0.440415 0.440415 1.000000
1.000000 0.442142 0.442142 1.000000
1.000000 0.443869 0.443869 1.000000
1.000000 0.445596 0.445596 1.000000
1.000000 0.447323 0.447323 1.000000
1.000000 0.449050 0.449050 1.000000
1.000000 0.450777 0.450777 1.000000
1.000000 0.452504 0.452504 1.000000
1.000000 0.454231 0.454231 1.000000
1.000000 0.455959 0.455959 1.000000
1.000000 0.457686 0.457686 1.000000
1.000000 0.459413 0.459413 1.000000
1.000000 0.461140 0.461140 1.000000
1.000000 0.462867 0.462867 1.000000
1.000000 0.464594 0.464594 1.000000
1.000000 0.466321 0.466321 1.000000
1.000000 0.468048 0.468048 1.000000
1.000000 0.469775 0.469775 1.000000
1.000000 0.471503 0.471503 1.000000
1.000000 0.473230 0.473230 1.000000
1.000000 0.474957 0.474957 1.000000
1.000000 0.476684 0.476684 1.000000
1.000000 0.478411 0.478411 1.000000
1.000000 0.480138 0.480138 1.000000
1.000000 0.481865 0.481865 1.000000
1.000000 0.483592 0.483592 1.000000
1.000000 0.485320 0.485320 1.000000
1.000000 0.487047 0.487047 1.000000
1.000000 0.488774 0.488774 1.000000
1.000000 0.490501 0.490501 1.000000
1.000000 0.492228 0.492228 1.000000
1.000000 0.493955 0.493955 1.000000
1.000000 0.495682 0.495682 1.000000
1.000000 0.497409 0.497409 1.000000
1.000000 0.499136 0.499136 1.000000
1.000000 0.500864 0.500864 1.000000
1.000000 0.502591 0.502591 1.000000
1.000000 0.504318 0.504318 1.000000
1.000000 0.506045 0.506045 1.000000
1.000000 0.507772 0.507772 1.000000
1.000000 0.509499 0.509499 1.000000
1.000000 0.511226 0.511226 1.000000
1.000000 0.512953 0.512953 1.000000
1.000000 0.514681 0.514681 1.000000
1.000000 0.516408 0.516408 1.000000
1.000000 0.518135 0.518135 1.000000
1.000000 0.519862 0.519862 1.000000
1.000000 0.521589 0.521589 1.000000
1.000000 0.523316 0.523316 1.000000
1.000000 0.525043 0.525043 1.000000
1.000000 0.526770 0.526770 1.000000
1.000000 0.528497 0.528497 1.000000
1.000000 0.530225 0.530225 1.000000
1.000000 0.531952 0.531952 1.000000
1.000000 0.533679 0.533679 1.000000
1.000000 0.535406 0.535406 1.000000
1.000000 0.537133 0.537133 1.000000
1.000000 0.538860 0.538860 1.000000
1.000000 0.540587 0.540587 1.000000
1.000000 0.542314 0.542314 1.000000
1.000000 0.544041 0.544041 1.000000
1.000000 0.545769 0.545769 1.000000
1.000000 0.547496 0.547496 1.000000
1.000000 0.549223 0.549223 1.000000
1.000000 0.550950 0.550950 1.000000
1.000000 0.552677 0.552677 1.000000
1.000000 0.554404 0.554404 1.000000
1.000000 0.556131 0.556131 1.000000
1.000000 0.557858 0.557858 1.000000
1.000000 0.559586 0.559586 1.000000
1.000000 0.561313 0.561313 1.000000
1.000000 0.563040 0.563040 1.000000
1.000000 0.564767 0.564767 1.000000
1.000000 0.566494 0.566494 1.000000
1.000000 0.568221 0.568221 1.000000
1.000000 0.569948 0.569948 1.000000
1.000000 0.571675 0.571675 1.000000
1.000000 0.573402 0.573402 1.000000
1.000000 0.575130 0.575130 1.000000
1.000000 0.576857 0.576857 1.000000
1.000000 0.578584 0.578584 1.000000
1.000000 0.580311 0.580311 1.000000
1.000000 0.582038 0.582038 1.000000
1.000000 0.583765 0.583765 1.000000
1.000000 0.585492 0.585492 1.000000
1.000000 0.587219 0.587219 1.000000
1.000000 0.588946 0.588946 1.000000
1.000000 0.590674 0.590674 1.000000
1.000000 0.592401 0.592401 1.000000
1.000000 0.594128 0.594128 1.000000
1.000000 0.595855 0.595855 1.000000
1.000000 0.597582 0.597582 1.000000
1.000000 0.599309 0.599309 1.000000
1.000000 0.601036 0.601036 1.000000
1.000000 0.602763 0.602763 1.000000
1.000000 0.604491 0.604491 1.000000
1.000000 0.606218 0.606218 1.000000
1.000000 0.607945 0.607945 1.000000
1.000000 0.609672 0.609672 1.000000
1.000000 0.611399 0.611399 1.000000
1.000000 0.613126 0.613126 1.000000
1.000000 0.614853 0.614853 1.000000
1.000000 0.616580 0.616580 1.000000
1.000000 0.618307 0.618307 1.000000
1.000000 0.620035 0.620035 1.000000
1.000000 0.621762 0.621762 1.000000
1.000000 0.623489 0.623489 1.000000
1.000000 0.625216 0.625216 1.000000
1.000000 0.626943 0.626943 1.000000
1.000000 0.628670 0.628670 1.000000
1.000000 0.630397 0.630397 1.000000
1.000000 0.632124 0.632124 1.000000
1.000000 0.633851 0.633851 1.000000
1.000000 0.635579 0.635579 1.000000
1.000000 0.637306 0.637306 1.000000
1.000000 0.639033 0.639033 1.000000
1.000000 0.640760 0.640760 1.000000
1.000000 0.642487 0.642487 1.000000
1.000000 0.644214 0.644214 1.000000
1.000000 0.645941 0.645941 1.000000
1.000000 0.647668 0.647668 1.000000
1.000000 0.649396 0.649396 1.000000
1.000000 0.651123 0.651123 1.000000
1.000000 0.652850 0.652850 1.000000
1.000000 0.654577 0.654577 1.000000
1.000000 0.656304 0.656304 1.000000
1.000000 0.658031 0.658031 1.000000
1.000000 0.659758 0.659758 1.000000
1.000000 0.661485 0.661485 1.000000
1.000000 0.663212 0.663212 1.000000
1.000000 0.664940 0.664940 1.000000
1.000000 0.666667 0.666667 1.000000
1.000000 0.668394 0.668394 1.000000
1.000000 0.670121 0.670121 1.000000
1.000000 0.671848 0.671848 1.000000
1.000000 0.673575 0.673575 1.000000
1.000000 0.675302 0.675302 1.000000
1.000000 0.677029 0.677029 1.000000
1.000000 0.678756 0.678756 1.000000
1.000000 0.680484 0.680484 1.000000
1.000000 0.682211 0.682211 1.000000
1.000000 0.683938 0.683938 1.000000
1.000000 0.685665 0.685665 1.000000
1.000000 0.687392 0.687392 1.000000
1.000000 0.689119 0.689119 1.000000
1.000000 0.690846 0.690846 1.000000
1.000000 0.692573 0.692573 1.000000
1.000000 0.694301 0.694301 1.000000
1.000000 0.696028 0.696028 1.000000
1.000000 0.697755 0.697755 1.000000
1.000000 0.699482 0.699482 1.000000
1.000000 0.701209 0.701209 1.000000
1.000000 0.702936 0.702936 1.000000
1.000000 0.704663 0.704663 1.000000
1.000000 0.706390 0.706390 1.000000
1.000000 0.708117 0.708117 1.000000
1.000000 0.709845 0.709845 1.000000
1.000000 0.711572 0.711572 1.000000
1.000000 0.713299 0.713299 1.000000
1.000000 0.715026 0.715026 1.000000
1.000000 0.716753 0.716753 1.000000
1.000000 0.718480 0.718480 1.000000
1.000000 0.720207 0.720207 1.000000
1.000000 0.721934 0.721934 1.000000
1.000000 0.723661 0.723661 1.000000
1.000000 0.725389 0.725389 1.000000
1.000000 0.727116 0.727116 1.000000
1.000000 0.728843 0.728843 1.000000
1.000000 0.730570 0.730570 1.000000
1.000000 0.732297 0.732297 1.000000
1.000000 0.734024 0.734024 1.000000
1.000000 0.735751 0.735751 1.000000
1.000000 0.737478 0.737478 1.000000
1.000000 0.739206 0.739206 1.000000
1.000000 0.740933 0.740933 1.000000
1.000000 0.742660 0.742660 1.000000
1.000000 0.744387 0.744387 1.000000
1.000000 0.746114 0.746114 1.000000
1.000000 0.747841 0.747841 1.000000
1.000000 0.749568 0.749568 1.000000
1.000000 0.751295 0.751295 1.000000
1.000000 0.753022 0.753022 1.000000
1.000000 0.754750 0.754750 1.000000
1.000000 0.756477 0.756477 1.000000
1.000000 0.758204 0.758204 1.000000
1.000000 0.759931 0.759931 1.000000
1.000000 0.761658 0.761658 1.000000
1.000000 0.763385 0.763385 1.000000
1.000000 0.765112 0.765112 1.000000
1.000000 0.766839 0.766839 1.000000
1.000000 0.768566 0.768566 1.000000
1.000000 0.770294 0.770294 1.000000
1.000000 0.772021 0.772021 1.000000
1.000000 0.773748 0.773748 1.000000
1.000000 0.775475 0.775475 1.000000
1.000000 0.777202 0.777202 1.000000
1.000000 0.778929 0.778929 1.000000
1.000000 0.780656 0.780656 1.000000
1.000000 0.782383 0.782383 1.000000
1.000000 0.784111 0.784111 1.000000
1.000000 0.785838 0.785838 1.000000
1.000000 0.787565 0.787565 1.000000
1.000000 0.789292 0.789292 1.000000
1.000000 0.791019 0.791019 1.000000
1.000000 0.792746 0.792746 1.000000
1.000000 0.794473 0.794473 1.000000
1.000000 0.796200 0.796200 1.000000
1.000000 0.797927 0.797927 1.000000
1.000000 0.799655 0.799655 1.000000
1.000000 0.801382 0.801382 1.000000
1.000000 0.803109 0.803109 1.000000
1.000000 0.804836 0.804836 1.000000
1.000000 0.806563 0.806563 1.000000
1.000000 0.808290 0.808290 1.000000
1.000000 0.810017 0.810017 1.000000
1.000000 0.811744 0.811744 1.000000
1.000000 0.813471 0.813471 1.000000
1.000000 0.815199 0.815199 1.000000
1.000000 0.816926 0.816926 1.000000
1.000000 0.818653 0.818653 1.000000
1.000000 0.820380 0.820380 1.000000
1.000000 0.822107 0.822107 1.000000
1.000000 0.823834 0.823834 1.000000
1.000000 0.825561 0.825561 1.000000
1.000000 0.827288 0.827288 1.000000
1.000000 0.829016 0.829016 1.000000
1.000000 0.830743 0.830743 1.000000
1.000000 0.832470 0.832470 1.000000
1.000000 0.834197 0.834197 1.000000
1.000000 0.835924 0.835924 1.000000
1.000000 0.837651 0.837651 1.000000
1.000000 0.839378 0.839378 1.000000
1.000000 0.841105 0.841105 1.000000
1.000000 0.842832 0.842832 1.000000
1.000000 0.844560 0.844560 1.000000
1.000000 0.846287 0.846287 1.000000
1.000000 0.848014 0.848014 1.000000
1.000000 0.849741 0.849741 1.000000
1.000000 0.851468 0.851468 1.000000
1.000000 0.853195 0.853195 1.000000
1.000000 0.854922 0.854922 1.000000
1.000000 0.856649 0.856649 1.000000
1.000000 0.858377 0.858377 1.000000
1.000000 0.860104 0.860104 1.000000
1.000000 0.861831 0.861831 1.000000
1.000000 0.863558 0.863558 1.000000
1.000000 0.865285 0.865285 1.000000
1.000000 0.867012 0.867012 1.000000
1.000000 0.868739 0.868739 1.000000
1.000000 0.870466 0.870466 1.000000
1.000000 0.872193 0.872193 1.000000
1.000000 0.873921 0.873921 1.000000
1.000000 0.875648 0.875648 1.000000
1.000000 0.877375 0.877375 1.000000
1.000000 0.879102 0.879102 1.000000
1.000000 0.880829 0.880829 1.000000
1.000000 0.882556 0.882556 1.000000
1.000000 0.884283 0.884283 1.000000
1.000000 0.886010 0.886010 1.000000
1.000000 0.887737 0.887737 1.000000
1.000000 0.889465 0.889465 1.000000
1.000000 0.891192 0.891192 1.000000
1.000000 0.892919 0.892919 1.000000
1.000000 0.894646 0.894646 1.000000
1.000000 0.896373 0.896373 1.000000
1.000000 0.898100 0.898100 1.000000
1.000000 0.899827 0.899827 1.000000
1.000000 0.901554 0.901554 1.000000
1.000000 0.903282 0.903282 1.000000
1.000000 0.905009 0.905009 1.000000
1.000000 0.906736 0.906736 1.000000
1.000000 0.908463 0.908463 1.000000
1.000000 0.910190 0.910190 1.000000
1.000000 0.911917 0.911917 1.000000
1.000000 0.913644 0.913644 1.000000
1.000000 0.915371 0.915371 1.000000
1.000000 0.917098 0.917098 1.000000
1.000000 0.918826 0.918826 1.000000
1.000000 0.920553 0.920553 1.000000
1.000000 0.922280 0.922280 1.000000
1.000000 0.924007 0.924007 1.000000
1.000000 0.925734 0.925734 1.000000
1.000000 0.927461 0.927461 1.000000
1.000000 0.929188 0.929188 1.000000
1.000000 0.930915 0.930915 1.000000
1.000000 0.932642 0.932642 1.000000
1.000000 0.934370 0.934370 1.000000
1.000000 0.936097 0.936097 1.000000
1.000000 0.937824 0.937824 1.000000
1.000000 0.939551 0.939551 1.000000
1.000000 0.941278 0.941278 1.000000
1.000000 0.943005 0.943005 1.000000
1.000000 0.944732 0.944732 1.000000
1.000000 0.946459 0.946459 1.000000
1.000000 0.948187 0.948187 1.000000
1.000000 0.949914 0.949914 1.000000
1.000000 0.951641 0.951641 1.000000
1.000000 0.953368 0.953368 1.000000
1.000000 0.955095 0.955095 1.000000
1.000000 0.956822 0.956822 1.000000
1.000000 0.958549 0.958549 1.000000
1.000000 0.960276 0.960276 1.000000
1.000000 0.962003 0.962003 1.000000
1.000000 0.963731 0.963731 1.000000
1.000000 0.965458 0.965458 1.000000
1.000000 0.967185 0.967185 1.000000
1.000000 0.968912 0.968912 1.000000
1.000000 0.970639 0.970639 1.000000
1.000000 0.972366 0.972366 1.000000
1.000000 0.974093 0.974093 1.000000
1.000000 0.975820 0.975820 1.000000
1.000000 0.977547 0.977547 1.000000
1.000000 0.979275 0.979275 1.000000
1.000000 0.981002 0.981002 1.000000
1.000000 0.982729 0.982729 1.000000
1.000000 0.984456 0.984456 1.000000
1.000000 0.986183 0.986183 1.000000
1.000000 0.987910 0.987910 1.000000
1.000000 0.989637 0.989637 1.000000
1.000000 0.991364 0.991364 1.000000
1.000000 0.993092 0.993092 1.000000
1.000000 0.994819 0.994819 1.000000
1.000000 0.996546 0.996546 1.000000
1.000000 0.998273 0.998273 1.000000
1.000000 1.000000 1.000000 1.000000
0.998849 0.998849 1.000000 1.000000
0.997698 0.997698 1.000000 1.000000
0.996548 0.996548 1.000000 1.000000
0.995397 0.995397 1.000000 1.000000
0.994246 0.994246 1.000000 1.000000
0.993096 0.993096 1.000000 1.000000
0.991945 0.991945 1.000000 1.000000
0.990794 0.990794 1.000000 1.000000
0.989643 0.989643 1.000000 1.000000
0.988493 0.988493 1.000000 1.000000
0.987342 0.987342 1.000000 1.000000
0.986191 0.986191 1.000000 1.000000
0.985040 0.985040 1.000000 1.000000
0.983890 0.983890 1.000000 1.000000
0.982739 0.982739 1.000000 1.000000
0.981588 0.981588 1.000000 1.000000
0.980437 0.980437 1.000000 1.000000
0.979287 0.979287 1.000000 1.000000
0.978136 0.978136 1.000000 1.000000
0.976985 0.976985 1.000000 1.000000
0.975834 0.975834 1.000000 1.000000
0.974684 0.974684 1.000000 1.000000
0.973533 0.973533 1.000000 1.000000
0.972382 0.972382 1.000000 1.000000
0.971231 0.971231 1.000000 1.000000
0.970081 0.970081 1.000000 1.000000
0.968930 0.968930 1.000000 1.000000
0.967779 0.967779 1.000000 1.000000
0.966628 0.966628 1.000000 1.000000
0.965478 0.965478 1.000000 1.000000
0.964327 0.964327 1.000000 1.000000
0.963176 0.963176 1.000000 1.000000
0.962025 0.962025 1.000000 1.000000
0.960875 0.960875 1.000000 1.000000
0.959724 0.959724 1.000000 1.000000
0.958573 0.958573 1.000000 1.000000
0.957422 0.957422 1.000000 1.000000
0.956272 0.956272 1.000000 1.000000
0.955121 0.955121 1.000000 1.000000
0.953970 0.953970 1.000000 1.000000
0.952819 0.952819 1.000000 1.000000
0.951669 0.951669 1.000000 1.000000
0.950518 0.950518 1.000000 1.000000
0.949367 0.949367 1.000000 1.000000
0.948216 0.948216 1.000000 1.000000
0.947066 0.947066 1.000000 1.000000
0.945915 0.945915 1.000000 1.000000
0.944764 0.944764 1.000000 1.000000
0.943613 0.943613 1.000000 1.000000
0.942463 0.942463 1.000000 1.000000
0.941312 0.941312 1.000000 1.000000
0.940161 0.940161 1.000000 1.000000
0.939010 0.939010 1.000000 1.000000
0.937860 0.937860 1.000000 1.000000
0.936709 0.936709 1.000000 1.000000
0.935558 0.935558 1.000000 1.000000
0.934407 0.934407 1.000000 1.000000
0.933257 0.933257 1.000000 1.000000
0.932106 0.932106 1.000000 1.000000
0.930955 0.930955 1.000000 1.000000
0.929804 0.929804 1.000000 1.000000
0.928654 0.928654 1.000000 1.000000
0.927503 0.927503 1.000000 1.000000
0.926352 0.926352 1.000000 1.000000
0.925201 0.925201 1.000000 1.000000
0.924051 0.924051 1.000000 1.000000
0.922900 0.922900 1.000000 1.000000
0.921749 0.921749 1.000000 1.000000
0.920598 0.920598 1.000000 1.000000
0.919448 0.919448 1.000000 1.000000
0.918297 0.918297 1.000000 1.000000
0.917146 0.917146 1.000000 1.000000
0.915995 0.915995 1.000000 1.000000
0.914845 0.914845 1.000000 1.000000
0.913694 0.913694 1.000000 1.000000
0.912543 0.912543 1.000000 1.000000
0.911392 0.911392 1.000000 1.000000
0.910242 0.910242 1.000000 1.000000
0.909091 0.909091 1.000000 1.000000
0.907940 0.907940 1.000000 1.000000
0.906789 0.906789 1.000000 1.000000
0.905639 0.905639 1.000000 1.000000
0.904488 0.904488 1.000000 1.000000
0.903337 0.903337 1.000000 1.000000
0.902186 0.902186 1.000000 1.000000
0.901036 0.901036 1.000000 1.000000
0.899885 0.899885 1.000000 1.000000
0.898734 0.898734 1.000000 1.000000
0.897583 0.897583 1.000000 1.000000
0.896433 0.896433 1.000000 1.000000
0.895282 0.895282 1.000000 1.000000
0.894131 0.894131 1.000000 1.000000
0.892980 0.892980 1.000000 1.000000
0.891830 0.891830 1.000000 1.000000
0.890679 0.890679 1.000000 1.000000
0.889528 0.889528 1.000000 1.000000
0.888377 0.888377 1.000000 1.000000
0.887227 0.887227 1.000000 1.000000
0.886076 0.886076 1.000000 1.000000
0.884925 0.884925 1.000000 1.000000
0.883774 0.883774 1.000000 1.000000
0.882624 0.882624 1.000000 1.000000
0.881473 0.881473 1.000000 1.000000
0.880322 0.880322 1.000000 1.000000
0.879171 0.879171 1.000000 1.000000
0.878021 0.878021 1.000000 1.000000
0.876870 0.876870 1.000000 1.000000
0.875719 0.875719 1.000000 1.000000
0.874568 0.874568 1.000000 1.000000
0.873418 0.873418 1.000000 1.000000
0.872267 0.872267 1.000000 1.000000
0.871116 0.871116 1.000000 1.000000
0.869965 0.869965 1.000000 1.000000
0.868815 0.868815 1.000000 1.000000
0.867664 0.867664 1.000000 1.000000
0.866513 0.866513 1.000000 1.000000
0.865362 0.865362 1.000000 1.000000
0.864212 0.864212 1.000000 1.000000
0.863061 0.863061 1.000000 1.000000
0.861910 0.861910 1.000000 1.000000
0.860759 0.860759 1.000000 1.000000
0.859609 0.859609 1.000000 1.000000
0.858458 0.858458 1.000000 1.000000
0.857307 0.857307 1.000000 1.000000
0.856156 0.856156 1.000000 1.000000
0.855006 0.855006 1.000000 1.000000
0.853855 0.853855 1.000000 1.000000
0.852704 0.852704 1.000000 1.000000
0.851553 0.851553 1.000000 1.000000
0.850403 0.850403 1.000000 1.000000
0.849252 0.849252 1.000000 1.000000
0.848101 0.848101 1.000000 1.000000
0.846951 0.846951 1.000000 1.000000
0.845800 0.845800 1.000000 1.000000
0.844649 0.844649 1.000000 1.000000
0.843498 0.843498 1.000000 1.000000
0.842348 0.842348 1.000000 1.000000
0.841197 0.841197 1.000000 1.000000
0.840046 0.840046 1.000000 1.000000
0.838895 0.838895 1.000000 1.000000
0.837745 0.837745 1.000000 1.000000
0.836594 0.836594 1.000000 1.000000
0.835443 0.835443 1.000000 1.000000
0.834292 0.834292 1.000000 1.000000
0.833142 0.833142 1.000000 1.000000
0.831991 0.831991 1.000000 1.000000
0.830840 0.830840 1.000000 1.000000
0.829689 0.829689 1.000000 1.000000
0.828539 0.828539 1.000000 1.000000
0.827388 0.827388 1.000000 1.000000
0.826237 0.826237 1.000000 1.000000
0.825086 0.825086 1.000000 1.000000
0.823936 0.823936 1.000000 1.000000
0.822785 0.822785 1.000000 1.000000
0.821634 0.821634 1.000000 1.000000
0.820483 0.820483 1.000000 1.000000
0.819333 0.819333 1.000000 1.000000
0.818182 0.818182 1.000000 1.000000
0.817031 0.817031 1.000000 1.000000
0.815880 0.815880 1.000000 1.000000
0.814730 0.814730 1.000000 1.000000
0.813579 0.813579 1.000000 1.000000
0.812428 0.812428 1.000000 1.000000
0.811277 0.811277 1.000000 1.000000
0.810127 0.810127 1.000000 1.000000
0.808976 0.808976 1.000000 1.000000
0.807825 0.807825 1.000000 1.000000
0.806674 0.806674 1.000000 1.000000
0.805524 0.805524 1.000000 1.000000
0.804373 0.804373 1.000000 1.000000
0.803222 0.803222 1.000000 1.000000
0.802071 0.802071 1.000000 1.000000
0.800921 0.800921 1.000000 1.000000
0.799770 0.799770 1.000000 1.000000
0.798619 0.798619 1.000000 1.000000
0.797468 0.797468 1.000000 1.000000
0.796318 0.796318 1.000000 1.000000
0.795167 0.795167 1.000000 1.000000
0.794016 0.794016 1.000000 1.000000
0.792865 0.792865 1.000000 1.000000
0.791715 0.791715 1.000000 1.000000
0.790564 0.790564 1.000000 1.000000
0.789413 0.789413 1.000000 1.000000
0.788262 0.788262 1.000000 1.000000
0.787112 0.787112 1.000000 1.000000
0.785961 0.785961 1.000000 1.000000
0.784810 0.784810 1.000000 1.000000
0.783659 0.783659 1.000000 1.000000
0.782509 0.782509 1.000000 1.000000
0.781358 0.781358 1.000000 1.000000
0.780207 0.780207 1.000000 1.000000
0.779056 0.779056 1.000000 1.000000
0.777906 0.777906 1.000000 1.000000
0.776755 0.776755 1.000000 1.000000
0.775604 0.775604 1.000000 1.000000
0.774453 0.774453 1.000000 1.000000
0.773303 0.773303 1.000000 1.000000
0.772152 0.772152 1.000000 1.000000
0.771001 0.771001 1.000000 1.000000
0.769850 0.769850 1.000000 1.000000
0.768700 0.768700 1.000000 1.000000
0.767549 0.767549 1.000000 1.000000
0.766398 0.766398 1.000000 1.000000
0.765247 0.765247 1.000000 1.000000
0.764097 0.764097 1.000000 1.000000
0.762946 0.762946 1.000000 1.000000
0.761795 0.761795 1.000000 1.000000
0.760644 0.760644 1.000000 1.000000
0.759494 0.759494 1.000000 1.000000
0.758343 0.758343 1.000000 1.000000
0.757192 0.757192 1.000000 1.000000
0.756041 0.756041 1.000000 1.000000
0.754891 0.754891 1.000000 1.000000
0.753740 0.753740 1.000000 1.000000
0.752589 0.752589 1.000000 1.000000
0.751438 0.751438 1.000000 1.000000
0.750288 0.750288 1.000000 1.000000
0.749137 0.749137 1.000000 1.000000
0.747986 0.747986 1.000000 1.000000
0.746835 0.746835 1.000000 1.000000
0.745685 0.745685 1.000000 1.000000
0.744534 0.744534 1.000000 1.000000
0.743383 0.743383 1.000000 1.000000
0.742232 0.742232 1.000000 1.000000
0.741082 0.741082 1.000000 1.000000
0.739931 0.739931 1.000000 1.000000
0.738780 0.738780 1.000000 1.000000
0.737629 0.737629 1.000000 1.000000
0.736479 0.736479 1.000000 1.000000
0.735328 0.735328 1.000000 1.000000
0.734177 0.734177 1.000000 1.000000
0.733027 0.733027 1.000000 1.000000
0.731876 0.731876 1.000000 1.000000
0.730725 0.730725 1.000000 1.000000
0.729574 0.729574 1.000000 1.000000
0.728423 0.728423 1.000000 1.000000
0.727273 0.727273 1.000000 1.000000
0.726122 0.726122 1.000000 1.000000
0.724971 0.724971 1.000000 1.000000
0.723820 0.723820 1.000000 1.000000
0.722670 0.722670 1.000000 1.000000
0.721519 0.721519 1.000000 1.000000
0.720368 0.720368 1.000000 1.000000
0.719217 0.719217 1.000000 1.000000
0.718067 0.718067 1.000000 1.000000
0.716916 0.716916 1.000000 1.000000
0.715765 0.715765 1.000000 1.000000
0.714615 0.714615 1.000000 1.000000
0.713464 0.713464 1.000000 1.000000
0.712313 0.712313 1.000000 1.000000
0.711162 0.711162 1.000000 1.000000
0.710011 0.710011 1.000000 1.000000
0.708861 0.708861 1.000000 1.000000
0.707710 0.707710 1.000000 1.000000
0.706559 0.706559 1.000000 1.000000
0.705409 0.705409 1.000000 1.000000
0.704258 0.704258 1.000000 1.000000
0.703107 0.703107 1.000000 1.000000
0.701956 0.701956 1.000000 1.000000
0.700806 0.700806 1.000000 1.000000
0.699655 0.699655 1.000000 1.000000
0.698504 0.698504 1.000000 1.000000
0.697353 0.697353 1.000000 1.000000
0.696203 0.696203 1.000000 1.000000
0.695052 0.695052 1.000000 1.000000
0.693901 0.693901 1.000000 1.000000
0.692750 0.692750 1.000000 1.000000
0.691600 0.691600 1.000000 1.000000
0.690449 0.690449 1.000000 1.000000
0.689298 0.689298 1.000000 1.000000
0.688147 0.688147 1.000000 1.000000
0.686997 0.686997 1.000000 1.000000
0.685846 0.685846 1.000000 1.000000
0.684695 0.684695 1.000000 1.000000
0.683544 0.683544 1.000000 1.000000
0.682394 0.682394 1.000000 1.000000
0.681243 0.681243 1.000000 1.000000
0.680092 0.680092 1.000000 1.000000
0.678941 0.678941 1.000000 1.000000
0.677791 0.677791 1.000000 1.000000
0.676640 0.676640 1.000000 1.000000
0.675489 0.675489 1.000000 1.000000
0.674338 0.674338 1.000000 1.000000
0.673188 0.673188 1.000000 1.000000
0.672037 0.672037 1.000000 1.000000
0.670886 0.670886 1.000000 1.000000
0.669735 0.669735 1.000000 1.000000
0.668585 0.668585 1.000000 1.000000
0.667434 0.667434 1.000000 1.000000
0.666283 0.666283 1.000000 1.000000
0.665132 0.665132 1.000000 1.000000
0.663982 0.663982 1.000000 1.000000
0.662831 0.662831 1.000000 1.000000
0.661680 0.661680 1.000000 1.000000
0.660529 0.660529 1.000000 1.000000
0.659379 0.659379 1.000000 1.000000
0.658228 0.658228 1.000000 1.000000
0.657077 0.657077 1.000000 1.000000
0.655926 0.655926 1.000000 1.000000
0.654776 0.654776 1.000000 1.000000
0.653625 0.653625 1.000000 1.000000
0.652474 0.652474 1.000000 1.000000
0.651323 0.651323 1.000000 1.000000
0.650173 0.650173 1.000000 1.000000
0.649022 0.649022 1.000000 1.000000
0.647871 0.647871 1.000000 1.000000
0.646720 0.646720 1.000000 1.000000
0.645570 0.645570 1.000000 1.000000
0.644419 0.644419 1.000000 1.000000
0.643268 0.643268 1.000000 1.000000
0.642117 0.642117 1.000000 1.000000
0.640967 0.640967 1.000000 1.000000
0.639816 0.639816 1.000000 1.000000
0.638665 0.638665 1.000000 1.000000
0.637514 0.637514 1.000000 1.000000
0.636364 0.636364 1.000000 1.000000
0.635213 0.635213 1.000000 1.000000
0.634062 0.634062 1.000000 1.000000
0.632911 0.632911 1.000000 1.000000
0.631761 0.631761 1.000000 1.000000
0.630610 0.630610 1.000000 1.000000
0.629459 0.629459 1.000000 1.000000
0.628308 0.628308 1.000000 1.000000
0.627158 0.627158 1.000000 1.000000
0.626007 0.626007 1.000000 1.000000
0.624856 0.624856 1.000000 1.000000
0.623705 0.623705 1.000000 1.000000
0.622555 0.622555 1.000000 1.000000
0.621404 0.621404 1.000000 1.000000
0.620253 0.620253 1.000000 1.000000
0.619102 0.619102 1.000000 1.000000
0.617952 0.617952 1.000000 1.000000
0.616801 0.616801 1.000000 1.000000
0.615650 0.615650 1.000000 1.000000
0.614499 0.614499 1.000000 1.000000
0.613349 0.613349 1.000000 1.000000
0.612198 0.612198 1.000000 1.000000
0.611047 0.611047 1.000000 1.000000
0.609896 0.609896 1.000000 1.000000
0.608746 0.608746 1.000000 1.000000
0.607595 0.607595 1.000000 1.000000
0.606444 0.606444 1.000000 1.000000
0.605293 0.605293 1.000000 1.000000
0.604143 0.604143 1.000000 1.000000
0.602992 0.602992 1.000000 1.000000
0.601841 0.601841 1.000000 1.000000
0.600690 0.600690 1.000000 1.000000
0.599540 0.599540 1.000000 1.000000
0.598389 0.598389 1.000000 1.000000
0.597238 0.597238 1.000000 1.000000
0.596087 0.596087 1.000000 1.000000
0.594937 0.594937 1.000000 1.000000
0.593786 0.593786 1.000000 1.000000
0.592635 0.592635 1.000000 1.000000
0.591484 0.591484 1.000000 1.000000
0.590334 0.590334 1.000000 1.000000
0.589183 0.589183 1.000000 1.000000
0.588032 0.588032 1.000000 1.000000
0.586881 0.586881 1.000000 1.000000
0.585731 0.585731 1.000000 1.000000
0.584580 0.584580 1.000000 1.000000
0.583429 0.583429 1.000000 1.000000
0.582278 0.582278 1.000000 1.000000
0.581128 0.581128 1.000000 1.000000
0.579977 0.579977 1.000000 1.000000
0.578826 0.578826 1.000000 1.000000
0.577675 0.577675 1.000000 1.000000
0.576525 0.576525 1.000000 1.000000
0.575374 0.575374 1.000000 1.000000
0.574223 0.574223 1.000000 1.000000
0.573072 0.573072 1.000000 1.000000
0.571922 0.571922 1.000000 1.000000
0.570771 0.570771 1.000000 1.000000
0.569620 0.569620 1.000000 1.000000
0.568470 0.568470 1.000000 1.000000
0.567319 0.567319 1.000000 1.000000
0.566168 0.566168 1.000000 1.000000
0.565017 0.565017 1.000000 1.000000
0.563866 0.563866 1.000000 1.000000
0.562716 0.562716 1.000000 1.000000
0.561565 0.561565 1.000000 1.000000
0.560414 0.560414 1.000000 1.000000
0.559264 0.559264 1.000000 1.000000
0.558113 0.558113 1.000000 1.000000
0.556962 0.556962 1.000000 1.000000
0.555811 0.555811 1.000000 1.000000
0.554661 0.554661 1.000000 1.000000
0.553510 0.553510 1.000000 1.000000
0.552359 0.552359 1.000000 1.000000
0.551208 0.551208 1.000000 1.000000
0.550058 0.550058 1.000000 1.000000
0.548907 0.548907 1.000000 1.000000
0.547756 0.547756 1.000000 1.000000
0.546605 0.546605 1.000000 1.000000
0.545455 0.545455 1.000000 1.000000
0.544304 0.544304 1.000000 1.000000
0.543153 0.543153 1.000000 1.000000
0.542002 0.542002 1.000000 1.000000
0.540852 0.540852 1.000000 1.000000
0.539701 0.539701 1.000000 1.000000
0.538550 0.538550 1.000000 1.000000
0.537399 0.537399 1.000000 1.000000
0.536249 0.536249 1.000000 1.000000
0.535098 0.535098 1.000000 1.000000
0.533947 0.533947 1.000000 1.000000
0.532796 0.532796 1.000000 1.000000
0.531646 0.531646 1.000000 1.000000
0.530495 0.530495 1.000000 1.000000
0.529344 0.529344 1.000000 1.000000
0.528193 0.528193 1.000000 1.000000
0.527043 0.527043 1.000000 1.000000
0.525892 0.525892 1.000000 1.000000
0.524741 0.524741 1.000000 1.000000
0.523590 0.523590 1.000000 1.000000
0.522440 0.522440 1.000000 1.000000
0.521289 0.521289 1.000000 1.000000
0.520138 0.520138 1.000000 1.000000
0.518987 0.518987 1.000000 1.000000
0.517837 0.517837 1.000000 1.000000
0.516686 0.516686 1.000000 1.000000
0.515535 0.515535 1.000000 1.000000
0.514384 0.514384 1.000000 1.000000
0.513234 0.513234 1.000000 1.000000
0.512083 0.512083 1.000000 1.000000
0.510932 0.510932 1.000000 1.000000
0.509781 0.509781 1.000000 1.000000
0.508631 0.508631 1.000000 1.000000
0.507480 0.507480 1.000000 1.000000
0.506329 0.506329 1.000000 1.000000
0.505178 0.505178 1.000000 1.000000
0.504028 0.504028 1.000000 1.000000
0.502877 0.502877 1.000000 1.000000
0.501726 0.501726 1.000000 1.000000
0.500575 0.500575 1.000000 1.000000
0.499425 0.499425 1.000000 1.000000
0.498274 0.498274 1.000000 1.000000
0.497123 0.497123 1.000000 1.000000
0.495972 0.495972 1.000000 1.000000
0.494822 0.494822 1.000000 1.000000
0.493671 0.493671 1.000000 1.000000
0.492520 0.492520 1.000000 1.000000
0.491369 0.491369 1.000000 1.000000
0.490219 0.490219 1.000000 1.000000
0.489068 0.489068 1.000000 1.000000
0.487917 0.487917 1.000000 1.000000
0.486766 0.486766 1.000000 1.000000
0.485616 0.485616 1.000000 1.000000
0.484465 0.484465 1.000000 1.000000
0.483314 0.483314 1.000000 1.000000
0.482163 0.482163 1.000000 1.000000
0.481013 0.481013 1.000000 1.000000
0.479862 0.479862 1.000000 1.000000
0.478711 0.478711 1.000000 1.000000
0.477560 0.477560 1.000000 1.000000
0.476410 0.476410 1.000000 1.000000
0.475259 0.475259 1.000000 1.000000
0.474108 0.474108 1.000000 1.000000
0.472957 0.472957 1.000000 1.000000
0.471807 0.471807 1.000000 1.000000
0.470656 0.470656 1.000000 1.000000
0.469505 0.469505 1.000000 1.000000
0.468354 0.468354 1.000000 1.000000
0.467204 0.467204 1.000000 1.000000
0.466053 0.466053 1.000000 1.000000
0.464902 0.464902 1.000000 1.000000
0.463751 0.463751 1.000000 1.000000
0.462601 0.462601 1.000000 1.000000
0.461450 0.461450 1.000000 1.000000
0.460299 0.460299 1.000000 1.000000
0.459148 0.459148 1.000000 1.000000
0.457998 0.457998 1.000000 1.000000
0.456847 0.456847 1.000000 1.000000
0.455696 0.455696 1.000000 1.000000
0.454545 0.454545 1.000000 1.000000
0.453395 0.453395 1.000000 1.000000
0.452244 0.452244 1.000000 1.000000
0.451093 0.451093 1.000000 1.000000
0.449942 0.449942 1.000000 1.000000
0.448792 0.448792 1.000000 1.000000
0.447641 0.447641 1.000000 1.000000
0.446490 0.446490 1.000000 1.000000
0.445339 0.445339 1.000000 1.000000
0.444189 0.444189 1.000000 1.000000
0.443038 0.443038 1.000000 1.000000
0.441887 0.441887 1.000000 1.000000
0.440736 0.440736 1.000000 1.000000
0.439586 0.439586 1.000000 1.000000
0.438435 0.438435 1.000000 1.000000
0.437284 0.437284 1.000000 1.000000
0.436134 0.436134 1.000000 1.000000
0.434983 0.434983 1.000000 1.000000
0.433832 0.433832 1.000000 1.000000
0.432681 0.432681 1.000000 1.000000
0.431530 0.431530 1.000000 1.000000
0.430380 0.430380 1.000000 1.000000
0.429229 0.429229 1.000000 1.000000
0.428078 0.428078 1.000000 1.000000
0.426928 0.426928 1.000000 1.000000
0.425777 0.425777 1.000000 1.000000
0.424626 0.424626 1.000000 1.000000
0.423475 0.423475 1.000000 1.000000
0.422325 0.422325 1.000000 1.000000
0.421174 0.421174 1.000000 1.000000
0.420023 0.420023 1.000000 1.000000
0.418872 0.418872 1.000000 1.000000
0.417722 0.417722 1.000000 1.000000
0.416571 0.416571 1.000000 1.000000
0.415420 0.415420 1.000000 1.000000
0.414269 0.414269 1.000000 1.000000
0.413119 0.413119 1.000000 1.000000
0.411968 0.411968 1.000000 1.000000
0.410817 0.410817 1.000000 1.000000
0.409666 0.409666 1.000000 1.000000
0.408516 0.408516 1.000000 1.000000
0.407365 0.407365 1.000000 1.000000
0.406214 0.406214 1.000000 1.000000
0.405063 0.405063 1.000000 1.000000
0.403913 0.403913 1.000000 1.000000
0.402762 0.402762 1.000000 1.000000
0.401611 0.401611 1.000000 1.000000
0.400460 0.400460 1.000000 1.000000
0.399310 0.399310 1.000000 1.000000
0.398159 0.398159 1.000000 1.000000
0.397008 0.397008 1.000000 1.000000
0.395857 0.395857 1.000000 1.000000
0.394707 0.394707 1.000000 1.000000
0.393556 0.393556 1.000000 1.000000
0.392405 0.392405 1.000000 1.000000
0.391254 0.391254 1.000000 1.000000
0.390104 0.390104 1.000000 1.000000
0.388953 0.388953 1.000000 1.000000
0.387802 0.387802 1.000000 1.000000
0.386651 0.386651 1.000000 1.000000
0.385501 0.385501 1.000000 1.000000
0.384350 0.384350 1.000000 1.000000
0.383199 0.383199 1.000000 1.000000
0.382048 0.382048 1.000000 1.000000
0.380898 0.380898 1.000000 1.000000
0.379747 0.379747 1.000000 1.000000
0.378596 0.378596 1.000000 1.000000
0.377445 0.377445 1.000000 1.000000
0.376295 0.376295 1.000000 1.000000
0.375144 0.375144 1.000000 1.000000
0.373993 0.373993 1.000000 1.000000
0.372842 0.372842 1.000000 1.000000
0.371692 0.371692 1.000000 1.000000
0.370541 0.370541 1.000000 1.000000
0.369390 0.369390 1.000000 1.000000
0.368239 0.368239 1.000000 1.000000
0.367089 0.367089 1.000000 1.000000
0.365938 0.365938 1.000000 1.000000
0.364787 0.364787 1.000000 1.000000
0.363636 0.363636 1.000000 1.000000
0.362486 0.362486 1.000000 1.000000
0.361335 0.361335 1.000000 1.000000
0.360184 0.360184 1.000000 1.000000
0.359033 0.359033 1.000000 1.000000
0.357883 0.357883 1.000000 1.000000
0.356732 0.356732 1.000000 1.000000
0.355581 0.355581 1.000000 1.000000
0.354430 0.354430 1.000000 1.000000
0.353280 0.353280 1.000000 1.000000
0.352129 0.352129 1.000000 1.000000
0.350978 0.350978 1.000000 1.000000
0.349827 0.349827 1.000000 1.000000
0.348677 0.348677 1.000000 1.000000
0.347526 0.347526 1.000000 1.000000
0.346375 0.346375 1.000000 1.000000
0.345224 0.345224 1.000000 1.000000
0.344074 0.344074 1.000000 1.000000
0.342923 0.342923 1.000000 1.000000
0.341772 0.341772 1.000000 1.000000
0.340621 0.340621 1.000000 1.000000
0.339471 0.339471 1.000000 1.000000
0.338320 0.338320 1.000000 1.000000
0.337169 0.337169 1.000000 1.000000
0.336018 0.336018 1.000000 1.000000
0.334868 0.334868 1.000000 1.000000
0.333717 0.333717 1.000000 1.000000
0.332566 0.332566 1.000000 1.000000
0.331415 0.331415 1.000000 1.000000
0.330265 0.330265 1.000000 1.000000
0.329114 0.329114 1.000000 1.000000
0.327963 0.327963 1.000000 1.000000
0.326812 0.326812 1.000000 1.000000
0.325662 0.325662 1.000000 1.000000
0.324511 0.324511 1.000000 1.000000
0.323360 0.323360 1.000000 1.000000
0.322209 0.322209 1.000000 1.000000
0.321059 0.321059 1.000000 1.000000
0.319908 0.319908 1.000000 1.000000
0.318757 0.318757 1.000000 1.000000
0.317606 0.317606 1.000000 1.000000
0.316456 0.316456 1.000000 1.000000
0.315305 0.315305 1.000000 1.000000
0.314154 0.314154 1.000000 1.000000
0.313003 0.313003 1.000000 1.000000
0.311853 0.311853 1.000000 1.000000
0.310702 0.310702 1.000000 1.000000
0.309551 0.309551 1.000000 1.000000
0.308400 0.308400 1.000000 1.000000
0.307250 0.307250 1.000000 1.000000
0.306099 0.306099 1.000000 1.000000
0.304948 0.304948 1.000000 1.000000
0.303797 0.303797 1.000000 1.000000
0.302647 0.302647 1.000000 1.000000
0.301496 0.301496 1.000000 1.000000
0.300345 0.300345 1.000000 1.000000
0.299194 0.299194 1.000000 1.000000
0.298044 0.298044 1.000000 1.000000
0.296893 0.296893 1.000000 1.000000
0.295742 0.295742 1.000000 1.000000
0.294591 0.294591 1.000000 1.000000
0.293441 0.293441 1.000000 1.000000
0.292290 0.292290 1.000000 1.000000
0.291139 0.291139 1.000000 1.000000
0.289989 0.289989 1.000000 1.000000
0.288838 0.288838 1.000000 1.000000
0.287687 0.287687 1.000000 1.000000
0.286536 0.286536 1.000000 1.000000
0.285385 0.285385 1.000000 1.000000
0.284235 0.284235 1.000000 1.000000
0.283084 0.283084 1.000000 1.000000
0.281933 0.281933 1.000000 1.000000
0.280783 0.280783 1.000000 1.000000
0.279632 0.279632 1.000000 1.000000
0.278481 0.278481 1.000000 1.000000
0.277330 0.277330 1.000000 1.000000
0.276179 0.276179 1.000000 1.000000
0.275029 0.275029 1.000000 1.000000
0.273878 0.273878 1.000000 1.000000
0.272727 0.272727 1.000000 1.000000
0.271577 0.271577 1.000000 1.000000
0.270426 0.270426 1.000000 1.000000
0.269275 0.269275 1.000000 1.000000
0.268124 0.268124 1.000000 1.000000
0.266974 0.266974 1.000000 1.000000
0.265823 0.265823 1.000000 1.000000
0.264672 0.264672 1.000000 1.000000
0.263521 0.263521 1.000000 1.000000
0.262371 0.262371 1.000000 1.000000
0.261220 0.261220 1.000000 1.000000
0.260069 0.260069 1.000000 1.000000
0.258918 0.258918 1.000000 1.000000
0.257768 0.257768 1.000000 1.000000
0.256617 0.256617 1.000000 1.000000
0.255466 0.255466 1.000000 1.000000
0.254315 0.254315 1.000000 1.000000
0.253165 0.253165 1.000000 1.000000
0.252014 0.252014 1.000000 1.000000
0.250863 0.250863 1.000000 1.000000
0.249712 0.249712 1.000000 1.000000
0.248562 0.248562 1.000000 1.000000
0.247411 0.247411 1.000000 1.000000
0.246260 0.246260 1.000000 1.000000
0.245109 0.245109 1.000000 1.000000
0.243959 0.243959 1.000000 1.000000
0.242808 0.242808 1.000000 1.000000
0.241657 0.241657 1.000000 1.000000
0.240506 0.240506 1.000000 1.000000
0.239356 0.239356 1.000000 1.000000
0.238205 0.238205 1.000000 1.000000
0.237054 0.237054 1.000000 1.000000
0.235903 0.235903 1.000000 1.000000
0.234753 0.234753 1.000000 1.000000
0.233602 0.233602 1.000000 1.000000
0.232451 0.232451 1.000000 1.000000
0.231300 0.231300 1.000000 1.000000
0.230150 0.230150 1.000000 1.000000
0.228999 0.228999 1.000000 1.000000
0.227848 0.227848 1.000000 1.000000
0.226697 0.226697 1.000000 1.000000
0.225547 0.225547 1.000000 1.000000
0.224396 0.224396 1.000000 1.000000
0.223245 0.223245 1.000000 1.000000
0.222094 0.222094 1.000000 1.000000
0.220944 0.220944 1.000000 1.000000
0.219793 0.219793 1.000000 1.000000
0.218642 0.218642 1.000000 1.000000
0.217491 0.217491 1.000000 1.000000
0.216341 0.216341 1.000000 1.000000
0.215190 0.215190 1.000000 1.000000
0.214039 0.214039 1.000000 1.000000
0.212888 0.212888 1.000000 1.000000
0.211738 0.211738 1.000000 1.000000
0.210587 0.210587 1.000000 1.000000
0.209436 0.209436 1.000000 1.000000
0.208285 0.208285 1.000000 1.000000
0.207135 0.207135 1.000000 1.000000
0.205984 0.205984 1.000000 1.000000
0.204833 0.204833 1.000000 1.000000
0.203682 0.203682 1.000000 1.000000
0.202532 0.202532 1.000000 1.000000
0.201381 0.201381 1.000000 1.000000
0.200230 0.200230 1.000000 1.000000
0.199079 0.199079 1.000000 1.000000
0.197929 0.197929 1.000000 1.000000
0.196778 0.196778 1.000000 1.000000
0.195627 0.195627 1.000000 1.000000
0.194476 0.194476 1.000000 1.000000
0.193326 0.193326 1.000000 1.000000
0.192175 0.192175 1.000000 1.000000
0.191024 0.191024 1.000000 1.000000
0.189873 0.189873 1.000000 1.000000
0.188723 0.188723 1.000000 1.000000
0.187572 0.187572 1.000000 1.000000
0.186421 0.186421 1.000000 1.000000
0.185270 0.185270 1.000000 1.000000
0.184120 0.184120 1.000000 1.000000
0.182969 0.182969 1.000000 1.000000
0.181818 0.181818 1.000000 1.000000
0.180667 0.180667 1.000000 1.000000
0.179517 0.179517 1.000000 1.000000
0.178366 0.178366 1.000000 1.000000
0.177215 0.177215 1.000000 1.000000
0.176064 0.176064 1.000000 1.000000
0.174914 0.174914 1.000000 1.000000
0.173763 0.173763 1.000000 1.000000
0.172612 0.172612 1.000000 1.000000
0.171461 0.171461 1.000000 1.000000
0.170311 0.170311 1.000000 1.000000
0.169160 0.169160 1.000000 1.000000
0.168009 0.168009 1.000000 1.000000
0.166858 0.166858 1.000000 1.000000
0.165708 0.165708 1.000000 1.000000
0.164557 0.164557 1.000000 1.000000
0.163406 0.163406 1.000000 1.000000
0.162255 0.162255 1.000000 1.000000
0.161105 0.161105 1.000000 1.000000
0.159954 0.159954 1.000000 1.000000
0.158803 0.158803 1.000000 1.000000
0.157652 0.157652 1.000000 1.000000
0.156502 0.156502 1.000000 1.000000
0.155351 0.155351 1.000000 1.000000
0.154200 0.154200 1.000000 1.000000
0.153049 0.153049 1.000000 1.000000
0.151899 0.151899 1.000000 1.000000
0.150748 0.150748 1.000000 1.000000
0.149597 0.149597 1.000000 1.000000
0.148447 0.148447 1.000000 1.000000
0.147296 0.147296 1.000000 1.000000
0.146145 0.146145 1.000000 1.000000
0.144994 0.144994 1.000000 1.000000
0.143843 0.143843 1.000000 1.000000
0.142693 0.142693 1.000000 1.000000
0.141542 0.141542 1.000000 1.000000
0.140391 0.140391 1.000000 1.000000
0.139241 0.139241 1.000000 1.000000
0.138090 0.138090 1.000000 1.000000
0.136939 0.136939 1.000000 1.000000
0.135788 0.135788 1.000000 1.000000
0.134638 0.134638 1.000000 1.000000
0.133487 0.133487 1.000000 1.000000
0.132336 0.132336 1.000000 1.000000
0.131185 0.131185 1.000000 1.000000
0.130035 0.130035 1.000000 1.000000
0.128884 0.128884 1.000000 1.000000
0.127733 0.127733 1.000000 1.000000
0.126582 0.126582 1.000000 1.000000
0.125432 0.125432 1.000000 1.000000
0.124281 0.124281 1.000000 1.000000
0.123130 0.123130 1.000000 1.000000
0.121979 0.121979 1.000000 1.000000
0.120829 0.120829 1.000000 1.000000
0.119678 0.119678 1.000000 1.000000
0.118527 0.118527 1.000000 1.000000
0.117376 0.117376 1.000000 1.000000
0.116226 0.116226 1.000000 1.000000
0.115075 0.115075 1.000000 1.000000
0.113924 0.113924 1.000000 1.000000
0.112773 0.112773 1.000000 1.000000
0.111623 0.111623 1.000000 1.000000
0.110472 0.110472 1.000000 1.000000
0.109321 0.109321 1.000000 1.000000
0.108170 0.108170 1.000000 1.000000
0.107020 0.107020 1.000000 1.000000
0.105869 0.105869 1.000000 1.000000
0.104718 0.104718 1.000000 1.000000
0.103567 0.103567 1.000000 1.000000
0.102417 0.102417 1.000000 1.000000
0.101266 0.101266 1.000000 1.000000
0.100115 0.100115 1.000000 1.000000
0.098964 0.098964 1.000000 1.000000
0.097814 0.097814 1.000000 1.000000
0.096663 0.096663 1.000000 1.000000
0.095512 0.095512 1.000000 1.000000
0.094361 0.094361 1.000000 1.000000
0.093211 0.093211 1.000000 1.000000
0.092060 0.092060 1.000000 1.000000
0.090909 0.090909 1.000000 1.000000
0.089758 0.089758 1.000000 1.000000
0.088608 0.088608 1.000000 1.000000
0.087457 0.087457 1.000000 1.000000
0.086306 0.086306 1.000000 1.000000
0.085155 0.085155 1.000000 1.000000
0.084005 0.084005 1.000000 1.000000
0.082854 0.082854 1.000000 1.000000
0.081703 0.081703 1.000000 1.000000
0.080552 0.080552 1.000000 1.000000
0.079402 0.079402 1.000000 1.000000
0.078251 0.078251 1.000000 1.000000
0.077100 0.077100 1.000000 1.000000
0.075949 0.075949 1.000000 1.000000
0.074799 0.074799 1.000000 1.000000
0.073648 0.073648 1.000000 1.000000
0.072497 0.072497 1.000000 1.000000
0.071346 0.071346 1.000000 1.000000
0.070196 0.070196 1.000000 1.000000
0.069045 0.069045 1.000000 1.000000
0.067894 0.067894 1.000000 1.000000
0.066743 0.066743 1.000000 1.000000
0.065593 0.065593 1.000000 1.000000
0.064442 0.064442 1.000000 1.000000
0.063291 0.063291 1.000000 1.000000
0.062140 0.062140 1.000000 1.000000
0.060990 0.060990 1.000000 1.000000
0.059839 0.059839 1.000000 1.000000
0.058688 0.058688 1.000000 1.000000
0.057537 0.057537 1.000000 1.000000
0.056387 0.056387 1.000000 1.000000
0.055236 0.055236 1.000000 1.000000
0.054085 0.054085 1.000000 1.000000
0.052934 0.052934 1.000000 1.000000
0.051784 0.051784 1.000000 1.000000
0.050633 0.050633 1.000000 1.000000
0.049482 0.049482 1.000000 1.000000
0.048331 0.048331 1.000000 1.000000
0.047181 0.047181 1.000000 1.000000
0.046030 0.046030 1.000000 1.000000
0.044879 0.044879 1.000000 1.000000
0.043728 0.043728 1.000000 1.000000
0.042578 0.042578 1.000000 1.000000
0.041427 0.041427 1.000000 1.000000
0.040276 0.040276 1.000000 1.000000
0.039125 0.039125 1.000000 1.000000
0.037975 0.037975 1.000000 1.000000
0.036824 0.036824 1.000000 1.000000
0.035673 0.035673 1.000000 1.000000
0.034522 0.034522 1.000000 1.000000
0.033372 0.033372 1.000000 1.000000
0.032221 0.032221 1.000000 1.000000
0.031070 0.031070 1.000000 1.000000
0.029919 0.029919 1.000000 1.000000
0.028769 0.028769 1.000000 1.000000
0.027618 0.027618 1.000000 1.000000
0.026467 0.026467 1.000000 1.000000
0.025316 0.025316 1.000000 1.000000
0.024166 0.024166 1.000000 1.000000
0.023015 0.023015 1.000000 1.000000
0.021864 0.021864 1.000000 1.000000
0.020713 0.020713 1.000000 1.000000
0.019563 0.019563 1.000000 1.000000
0.018412 0.018412 1.000000 1.000000
0.017261 0.017261 1.000000 1.000000
0.016110 0.016110 1.000000 1.000000
0.014960 0.014960 1.000000 1.000000
0.013809 0.013809 1.000000 1.000000
0.012658 0.012658 1.000000 1.000000
0.011507 0.011507 1.000000 1.000000
0.010357 0.010357 1.000000 1.000000
0.009206 0.009206 1.000000 1.000000
0.008055 0.008055 1.000000 1.000000
0.006904 0.006904 1.000000 1.000000
0.005754 0.005754 1.000000 1.000000
0.004603 0.004603 1.000000 1.000000
0.003452 0.003452 1.000000 1.000000
0.002302 0.002302 1.000000 1.000000
0.001151 0.001151 1.000000 1.000000
